"","V1","V2","V3","V4","V5","V6","V7","V8","V9","V10","V11","V12"
"1",0.329784974717894,0.180244112704491,0.120689875947662,0.084502239014468,0.0585200851033248,0.0514930883177297,0.0538666643492779,0.0470006100763609,0.0219581532014415,0.0191025963924747,0.0238826125414775,0.00895498763339875
"2",0.339540993979284,0.197244695557167,0.140042265170595,0.0902597043977456,0.0601637772428616,0.0557354514781125,0.0483848491676857,0.0290608165899614,0.0130844313579169,0.0104698578219699,0.00962990048331329,0.0063832567533873
"3",0.345865836795298,0.194071591829027,0.143216794141804,0.0933442718746734,0.0634928729387554,0.0494308598766482,0.0398452784178022,0.0254285169504628,0.0145973868991245,0.0106894168176802,0.0111842186270812,0.00883295483164323
"4",0.340338459281407,0.201405876986252,0.144292017278039,0.089690699477644,0.0540159994046049,0.0523007143632938,0.0375260521466836,0.0216652566302944,0.0163971736649644,0.013619222526011,0.0199929663857846,0.00875556185502107
"5",0.332977363552898,0.193547460945295,0.143797805124174,0.0905582202892335,0.0620689456824898,0.0484958950754194,0.0360399578773458,0.0167158430359091,0.017070901639866,0.0160293511897402,0.0257989464226349,0.0168993091649938
"6",0.347122994188248,0.195048757964569,0.143624894857537,0.0837963955438402,0.0640325144417452,0.053356219776794,0.0302565393419356,0.0153608838321771,0.010427533108114,0.00936297021444721,0.0282340336168978,0.019376263113695
"7",0.353863935766242,0.212129733553544,0.141551597305298,0.0827582322758724,0.0563013150183775,0.0483801103878468,0.0290992233954403,0.0206120731635808,0.00438806383213283,0.00705389819186528,0.0244485140423342,0.0194133030674662
"8",0.340340116829303,0.204712449515874,0.143234326692458,0.0848970394787516,0.0552975180593173,0.0439612106829244,0.0389350640011331,0.032654360784643,0.00549224171199439,0.00197887318522176,0.0281353366576525,0.0203614624007273
"9",0.32677067472146,0.200209506781106,0.138790216407613,0.091311873629017,0.0558780708014094,0.0435398453651066,0.0356788764480467,0.0311904609537641,0.0121411646952591,0.0115691972483176,0.028216833719211,0.0247032792296898
"10",0.341357948752969,0.202954139706497,0.137931907510244,0.0881348660088699,0.0655226364180104,0.0394355575596877,0.0378085395770427,0.024452970372035,0.0101461051658669,0.0189675166511387,0.0177296152730039,0.0155581970046352
"11",0.340912735991565,0.196025599003331,0.14679343936001,0.0844307689938675,0.0644058826648795,0.0336123839934714,0.0312112040134283,0.0291316649333303,0.0118788426133707,0.0182021287699109,0.0217495049788708,0.021645844683965
"12",0.327515084450565,0.190831269956474,0.14879940550154,0.0837347995198177,0.0597590152617555,0.0317037164866974,0.0383116915491992,0.0284107565889672,0.0248484992455598,0.0201648206182959,0.0277045174982652,0.0182164233228636
"13",0.330329473990765,0.192740420522554,0.143199262577275,0.084870289096509,0.0590480565614435,0.0383129989336616,0.0383358134574261,0.0299967790513399,0.0178248603919767,0.0269190087705616,0.0206642333688375,0.0177588032776497
"14",0.336790206105737,0.20511748394418,0.149657949476727,0.0899900052933528,0.0652961261696685,0.0353051721264621,0.0328913233384774,0.0235517640715833,0.0148365268687544,0.0197363134549622,0.0124577676948857,0.014369361455209
"15",0.339563418231357,0.198045881661071,0.13519356723125,0.0952223054065006,0.0641573755143797,0.0373888332822943,0.0361662434936764,0.0222621133546453,0.0153091511426441,0.0277623736860664,0.0136632729788062,0.0152654640173083
"16",0.346303430151782,0.202328198406281,0.141433159122391,0.0951688472143931,0.0586295730498548,0.0411277920184197,0.0303612165109429,0.0192976753412137,0.0117413861106873,0.0238042672442277,0.0102151229906545,0.0195893318391527
"17",0.341394091771131,0.205800659537387,0.145658003319503,0.0977445606289873,0.0620856429194702,0.0397895211413241,0.0329581564359014,0.0201723186617827,0.00489281912428721,0.0176467032079654,0.0121814184278526,0.019676104824408
"18",0.350807558733701,0.207065741972749,0.140014031669849,0.0992537487776995,0.0526918857722299,0.0404141835047123,0.0318411794990601,0.0178128693402225,0.00408130356339419,0.0241288369351718,0.00857192389327201,0.0233167363379385
"19",0.366167582687832,0.213281285185816,0.138282155938369,0.10236983300577,0.0467511951337716,0.0380949398924528,0.0311399020076823,0.0128015947840505,0.007462377872894,0.020147502182927,0.00130035795203616,0.0222012733563989
"20",0.363479196862104,0.216351951316708,0.140709896733149,0.0945236226216157,0.0554603704358822,0.0393438054525005,0.024817040255463,0.0178804352998339,0.00739199575879164,0.0210943204814774,0,0.0189473647824739
"21",0.363855168953625,0.215045005624922,0.138453874430331,0.0984826072622129,0.0514017458573622,0.042718353971191,0.019807894708763,0.0225846584586298,0.00743653073170146,0.0229790873829248,0.00276377098369134,0.0144713016346455
"22",0.361964399533927,0.211173863371614,0.14459499041357,0.0959088297355839,0.0530762667443443,0.0405534407250219,0.0262946320227158,0.0161559154099068,0.0167227761038718,0.0111434913516014,0.00497400758102011,0.0174373870068227
"23",0.351616361750169,0.215273940042104,0.140118916584419,0.1026318148285,0.0528669801989392,0.0404295499989587,0.0193639142167782,0.0256121204296499,0.0116116140699543,0.00918742301402838,0.0108494700661388,0.0204378948003607
"24",0.358417740295108,0.217965297776939,0.145231599166031,0.0971612794431324,0.0476229545021944,0.0450020393494762,0.0201420046914905,0.0245643328072274,0.00922421497505972,0.00902239101338956,0.0128620019101496,0.0127841440698031
"25",0.378349363347632,0.229489495880499,0.150740329924503,0.0860774659555529,0.049332270903522,0.0422682720413059,0.0149847955828749,0.0169539514602306,0.00349372575300535,0,0.0141572977966048,0.0141530313542692
"26",0.375081503498902,0.229198001599948,0.154841287278427,0.084055149730124,0.0489796653016692,0.0445695409402788,0.0142775523736005,0.0130116437795745,0.00214503520661243,0.00861598492296214,0.00872198539061152,0.0165026499772891
"27",0.368071095693789,0.226336635697228,0.149380649469402,0.0858461978796929,0.0436717377586917,0.0442891480212895,0.0271639736785501,0.0185016682717242,0.0134713782376992,0.00295966654685782,0,0.0203078487450763
"28",0.373317404705411,0.219240231021763,0.148533284961385,0.0871181121718576,0.0512603749698557,0.046137591442067,0.0272673298862851,0.0132602197459939,0.0117762669557143,0.00482316083707278,0,0.017266023302594
"29",0.376968691061324,0.219756983975847,0.14419826162003,0.0916266310769432,0.0488838227539807,0.043275158794689,0.0305107057499881,0.0142321949809758,0.0112194943222728,0.00259434081926385,0.00312862409181101,0.0136050907528739
"30",0.375430053891937,0.217552775001169,0.147544647453831,0.0922075456172654,0.0528509524573007,0.046641217665843,0.0268015361329662,0.0123955203301988,0.0140305738926951,0.00329081684161436,0.000347963327346153,0.010906397387832
"31",0.370852062984704,0.22744637455822,0.153205393169257,0.0920680689966425,0.054823917815808,0.0434073127757237,0.0151920493302881,0.0181576218292727,0.00733183666764158,0.00677323760806684,0.00391937697637961,0.0068227472879957
"32",0.364044027685594,0.215248596899821,0.157605723957232,0.0915168130732928,0.0570541964360025,0.0393127179409433,0.0188055009065091,0.0197570780959835,0.0128638177658216,0.006586218298183,0.00554731793293542,0.0116579910076812
"33",0.372907259326616,0.212141770644372,0.161321626675194,0.0939085886237151,0.0451565395620129,0.0404412363990603,0.0205565623212739,0.0176888144100665,0.0124622862442703,0,0.00598848602832179,0.0174268297650978
"34",0.374122141494062,0.213800290677012,0.157909228796744,0.0834350261942336,0.0533705254696384,0.0443807339427281,0.0184248063613147,0.0170989452585245,0.0214699887312627,0.00435627776025441,0,0.0116320353142256
"35",0.363784215634087,0.207193274349504,0.149934550358459,0.095877011835279,0.0526217164417504,0.0427317128263075,0.018014796597295,0.0208326702073774,0.0128668977764272,0.0156365043848386,0.00685143004362079,0.0136552195450539
"36",0.376102977143088,0.219434912416971,0.147691349486951,0.0920688723638887,0.0468049084142698,0.042743860128311,0.0201938601219091,0.0250766401754738,0.0099107453802558,0.00975101781051938,0.00106688279530135,0.00915397376306099
"37",0.381480535775894,0.22642629143419,0.148292533993077,0.0897069765757103,0.046005016924219,0.0468747195966915,0.0196756084694904,0.0191154853029771,0.00802469395218408,0.0143981379755667,0,0
"38",0.378570343631465,0.226351827481663,0.157290310272498,0.088318777178106,0.0547562247418696,0.0442343130643688,0.0218483018671905,0.0124781458784961,0.00226095713519166,0.012617808439147,0.00127299031000415,0
"39",0.376037296413463,0.231401170623691,0.14803906968985,0.0921139137498632,0.0507101213283331,0.0369335901666059,0.0185033220683711,0.0182676706887208,0.00853185457695402,0.00654336832914166,0.00252778092508388,0.0103908414399224
"40",0.370975390557772,0.225707929639214,0.151955830084426,0.0900315317170491,0.0467458487870615,0.0331011140854128,0.0213567614378203,0.0201602404613326,0.0110765583122557,0.00342060400464037,0.00252271984236861,0.0229454710706463
"41",0.36858093184871,0.235573139552201,0.147005472871713,0.092762957471209,0.0480616026486961,0.037173606790126,0.0185150203648819,0.0177975851953665,0.0187156102251725,0.00480268706492039,0,0.0110113859670035
"42",0.368456955365169,0.230172530241285,0.150948007310575,0.0943411074603411,0.0502615461148883,0.0409863836198109,0.0203161472427507,0.0120979126267534,0.0124336824260352,0.00302127484268714,0,0.0169644527497041
"43",0.374556768186017,0.229410830358208,0.153910551423311,0.0920760060994762,0.0518157810919041,0.0428190818939021,0.018157848118861,0.013782618913333,0.00517478303627005,0.00240167201988394,0,0.015894058858833
"44",0.374749698360147,0.236090019244964,0.157898720430043,0.0979642489115779,0.053557659762007,0.0329394066922263,0.0150038342493231,0.0168590531891551,0.00575368118584573,0.00212251102431004,0,0.00706116695040126
"45",0.367382227938596,0.234557672729449,0.159849737539391,0.0992529022593102,0.0542322350692072,0.030639861981397,0.0174932394052099,0.00848777283888815,0.00469873392469095,0.012893630496984,0.00361105401413321,0.00690093180274325
"46",0.377713101170462,0.24037302046136,0.157352696786212,0.0968990071194847,0.0586668099570069,0.0369202927262161,0.0171052557596401,0.00616331439825013,0,0.00393060484044749,0.00400763806943742,0.000868258711481992
"47",0.367134630513137,0.238642885836073,0.156800961474913,0.0946366345131774,0.0593831218952706,0.0346436637824181,0.0154917731825911,0.0151530440918107,0.00454934062148322,0.00456236864025503,0.00900157544887161,0
"48",0.375104894278546,0.246074985923933,0.163368470663271,0.0903634891896304,0.0507926977511575,0.0335840322323053,0.0145155800847012,0.0122831719189578,0.00313047572644736,0.00177578416665217,0.00445115901950532,0.0045552590448923
"49",0.374425055802316,0.238084491438609,0.159122344555795,0.095963556671496,0.0434545017523541,0.029445309970827,0.0180343952140708,0.0147845892001608,0.00399878911515661,0.00419658741692217,0.00485768786191499,0.0136326910003777
"50",0.380446551896067,0.229646594446981,0.159457914063878,0.101698370444318,0.0442350412441386,0.0320877947973387,0.0186841791540978,0.0132322301137429,0.00224829909953425,0.0104010743477672,0,0.00786195039213659
"51",0.373394114826016,0.229523914586808,0.155187803196003,0.0950814688384979,0.0436936495159493,0.0397702372444571,0.0251880361984114,0.0116416805491485,0.0057553185287061,0.012582983168406,0.00269962169477631,0.00548117165282019
"52",0.37098924597846,0.229584340482344,0.159926384155989,0.0998688211540063,0.0467760694997295,0.0377815309491072,0.020668736153424,0.0142732319674279,0.00349543027223076,0.00961983737536654,0,0.00701637201191481
"53",0.372378314462616,0.233793321921642,0.157217585078015,0.0969845157061766,0.0479542174447667,0.0352805830318545,0.0181219427642914,0.0153240285493864,0.00267636621167835,0.0100550350824499,0.00348902413984616,0.00672506560727644
"54",0.367978838157719,0.229437254064631,0.157151608469331,0.0921494452780021,0.0547128082273492,0.0420681438503378,0.019026512382692,0.0158859839934013,0,0.00991701567927503,0,0.0116723898972624
"55",0.357358198610743,0.225970862072161,0.157206029306927,0.0901483351930703,0.0544454050949036,0.0460457380692927,0.0166391219683163,0.0201394232906226,0.00426323001904221,0.00824280225458023,0.0071371842997958,0.0124036698205455
"56",0.36385532241943,0.234136602092536,0.165117029907476,0.0914661066653255,0.052061615389502,0.0387966712288861,0.0152231714873814,0.0174556325886839,0.00591002244029659,0.00772034151667486,0.00155040193039781,0.00670708233340961
"57",0.360939280111146,0.230487600949343,0.16727184240092,0.0927659493966539,0.0521618095320608,0.0370344710625834,0.0155238564002433,0.0158164753091688,0.011992255452179,0.00891879268477366,0.00209439725227438,0.00499326944865372
"58",0.372550014141329,0.228931360275836,0.170626047123754,0.0920262012800986,0.0457867497389191,0.032575293017843,0.0164655088349392,0.017740586338748,0.0122432122903413,0.00811543948932765,0.000593138514827715,0.00234644895403599
"59",0.380385842920286,0.227127000080246,0.168957010482733,0.0920692784860876,0.0452134622787073,0.0264714723798911,0.0226992738008415,0.0106317081626847,0.0118414307506962,0.00718494218971245,0,0.00741857846811414
"60",0.372860866874171,0.234269919042854,0.160996709922772,0.0903731554119788,0.0464006898596058,0.0326546127614511,0.0267103635246339,0.0162483382239595,0.0070681397403859,0.00670527868392623,0,0.00571192595426249
"61",0.376029761982349,0.236326008890896,0.159473622938855,0.0964050790681007,0.0472045081160496,0.0367359705545992,0.0231793114067482,0.0157384968449951,0.00288442602343705,0.00408828199099579,0,0.00193453218297415
"62",0.365284123212732,0.23386819705514,0.1594920650557,0.0931707583179451,0.0470428394168769,0.0392155342237601,0.024294749275732,0.0155228756291591,0.000731362397745216,0.00936240585289768,0.00441382073155707,0.00760126883075487
"63",0.372517040987083,0.234869818808648,0.156318495075686,0.0950678200347568,0.0515266687806893,0.0381029919881612,0.0126431999522187,0.0210886116560355,0,0.00872763771302702,0,0.00913771500369409
"64",0.383195599825568,0.237308932698586,0.157473514612657,0.0965185374017916,0.0497859396836445,0.040607252460492,0.0172516649866198,0.00971172707211293,0.00140675790547229,0.00674007335305494,0,0
"65",0.372579944487306,0.229973571427689,0.160182806886398,0.0945425132744558,0.0526463352771108,0.0415387363257462,0.0186298294398352,0.0108243080533867,0.00953132032220496,0.00762410720248347,0.00192652730338469,0
"66",0.368077285999657,0.231306473275786,0.153320429059849,0.0884051172849377,0.057111708728226,0.0378554257625001,0.0255236091263409,0.0133801100617574,0.00938241532420685,0.00429239542162591,0,0.011345029955113
"67",0.376557969312301,0.235721652703457,0.158112969879159,0.0862257192609912,0.0540060068543814,0.0363280679400026,0.0210058978551563,0.0123174826852529,0.0104104324139804,0.00441927584893731,0,0.00489452524638076
"68",0.376320445675223,0.233197016629162,0.156827285437987,0.0825799037845917,0.0517266886619558,0.0390534707198855,0.0201435358150119,0.0165976974061935,0.00811987861349399,0.00603597428907205,0,0.00939810296742467
"69",0.370703463887829,0.229338229006883,0.161736995690045,0.0920816295272254,0.0536349800477155,0.038394168845218,0.0192996879878276,0.0131885583619707,0.0108873699935202,0.00445934053094945,0,0.00627557612081564
"70",0.37492093643169,0.230922934584177,0.163110445447531,0.0932999671718178,0.0495621716290694,0.0432553968043487,0.0106084705516644,0.01438153385761,0.00744174165435185,0.00546980608449642,0,0.00702659578324407
"71",0.371973133032879,0.238907382065965,0.159644456499143,0.0955183667888747,0.0471489356724981,0.0444592930367393,0.0131151874046532,0.0178221047695068,0.00844360256963635,0.00225210212350791,0,0.000715436036596533
"72",0.37012367252308,0.236665167136919,0.159944859642929,0.0953589295237447,0.043476738597278,0.0472686108478427,0.0153362790372888,0.0178021248379484,0.00852918748359315,0.00333068917404117,0.000260957259703974,0.00190278393563077
"73",0.363708360354613,0.232071356565362,0.155433814341192,0.0976032364614511,0.0426557029525254,0.0481771628467048,0.0223026381191458,0.017064631058614,0.011672117067125,0.000552361439756512,0.00638834543532867,0.00237027335818168
"74",0.373265533209896,0.233169466556106,0.154811331389415,0.0968230442234158,0.0434682299269867,0.0470436154191835,0.018684871795317,0.0170627804881446,0.0136403598395288,0,0.00170563534111705,0.000325131810889828
"75",0.367267806726114,0.230267481488769,0.157830040593198,0.0960982418218258,0.0482836528933205,0.0469613855499631,0.0212772414876852,0.0187869750564532,0.0106853425329852,0,0,0.00254183184968667
"76",0.357993421104882,0.230833079156599,0.156111990054946,0.0981831599886752,0.0494963623704429,0.0428703044497398,0.0195826864630844,0.015240663913113,0.0167530139463805,0.0024086248883574,0.0044885620112477,0.00603813165253296
"77",0.370218200774552,0.235132812287798,0.160816261901419,0.0991284462031758,0.0444455767541035,0.0405857440988687,0.017515233679656,0.0103544168827827,0.0101463064196776,0.00428398941158547,0.00442842332171008,0.00294458826467067
"78",0.378507874586052,0.238747841451244,0.164278199512918,0.098269651797087,0.0455922131908071,0.0380038027870938,0.017321052076947,0.00801903392845067,0.00891809507435896,0.000974575353372891,0.00136766024166891,0
"79",0.37383352418543,0.23608304743911,0.16241034030332,0.0956190642534672,0.0447270277745715,0.0353819999883849,0.0246494175009646,0.00963429541224806,0.0105715263755981,0.00485592680619376,0.000102504095761055,0.00213132586495164
"80",0.371245019271852,0.236780710376583,0.163425774607784,0.0971331582173171,0.0475209954414305,0.0368818217867706,0.023671201348581,0.0120592433396744,0.00583004014684204,0.00545203546316559,0,0
"81",0.37937620188257,0.246813933431809,0.166108522524303,0.0947430092750832,0.0415315386171127,0.0343854255648228,0.022583952575667,0.0105519027823461,0.00276066030868676,0.00114485303759946,0,0
"82",0.382589405954849,0.238581281868502,0.163258946203415,0.0929626453113265,0.0416369806470526,0.0400726978264636,0.0200963004278133,0.0123648542389191,0.000947475799300143,0.00605005060003667,0.00120260769406168,0.000236753428261016
"83",0.386970075190882,0.242495841983842,0.160315533599263,0.095765662854145,0.0424857627263011,0.0352601100071346,0.0210661156054574,0.0105542317777407,0,0.00508666625523328,0,0
"84",0.384094285214248,0.242532733295332,0.160677297303267,0.0956768759325791,0.0462196221241207,0.0349747901114581,0.0161198950535335,0.015111109597501,0,0.00459339136796079,0,0
"85",0.38689512444735,0.237689587791151,0.164633012364688,0.0959454380792605,0.0414076483857199,0.033124975371734,0.016560774792406,0.0129506779290682,0.00123870197998961,0.00791829366443141,0.00163576519420095,0
"86",0.38183686981698,0.229643058197926,0.160366859937771,0.0935313916026842,0.0459353062721772,0.0365873050147819,0.0182110708841278,0.0151075119465509,0.00230255502851621,0.0113679826944894,0.00362880438703259,0.0014812842169626
"87",0.384473513375059,0.230915776020879,0.164884648106531,0.0917578748863114,0.0497363253723615,0.0354571172379454,0.0182858487519499,0.0152953440633389,0.000825223007516328,0.00539395194397632,0.00297437723413077,0
"88",0.386301428616192,0.23232056353261,0.164170054027463,0.0908885282294714,0.0452470316022592,0.0333237942866175,0.0191498088083794,0.0147060913885009,0,0.00687065822162652,0.00377481484740229,0.00324722643947795
"89",0.381713072472059,0.234426888020019,0.163826834631417,0.0899255469834117,0.0477931274692653,0.0379885946748751,0.0197887845909857,0.016320051029947,0,0.00259177355494423,0.00526036364643474,0.000364962926641583
"90",0.380308381379899,0.240084804677871,0.163513028799922,0.0896852718266523,0.0484218666507041,0.0382569280657847,0.0144988573759362,0.0157369150837745,0,0.00949394613945617,0,0
"91",0.381731358906316,0.243884966256044,0.162360722994198,0.0947546290506181,0.0446428720532725,0.0353418298420612,0.0163772465860956,0.0139518359298253,0,0.00695453838156919,0,0
"92",0.387511324845237,0.241190257280494,0.161886289168438,0.0933229871658162,0.0432177857342183,0.0361466031972292,0.0111284928691811,0.0150454764388107,0,0.00374343659081996,0.00386748844520076,0.00293985826455502
"93",0.380149980560833,0.239719646149798,0.161828938640307,0.0903318767416063,0.0443618017848078,0.0364970297446153,0.0149324803386794,0.0153840039174781,0.00162896071101661,0.00523071091437619,0.00496798135144341,0.00496658914503931
"94",0.380613312385132,0.236957160831956,0.169341062099157,0.0918055144295382,0.0435502386633934,0.0376953367137154,0.01435391598742,0.0170479860951286,0.00143492512278891,0.00381409407327928,0.00338645359849143,0
"95",0.389005977251747,0.243985306812673,0.162789312512473,0.0884533712906913,0.0429574522604151,0.0326869528103007,0.0162400816568424,0.0162389688025976,0.00198097951064696,0.00154489300615684,0.00259516062970432,0.00152154345575208
"96",0.385114542989019,0.244260019589307,0.153398528028038,0.0859414648997771,0.0394751674959375,0.0323183618854795,0.0230025654536994,0.0183997141462444,0.00601708422708361,0.0012798012007478,0.00874493313509984,0.002047816949566
"97",0.387879732575388,0.245318543849473,0.151918138591732,0.0900211385743976,0.044734706665364,0.0350430165749186,0.0200553749612824,0.0223248802255735,0.00168005850654535,0,0.00102440947532588,0
"98",0.379932425344564,0.244150025304347,0.149360349950215,0.0914485259014021,0.0505767797632478,0.034117944432188,0.0210234176868442,0.0230558662901578,0,0.00152941821694941,0,0.00480524711008409
"99",0.389862224270902,0.242836985773495,0.152363828090536,0.0898515540206319,0.0575910859503176,0.0321160678824621,0.0159640101198608,0.017828069943956,0,0.00158617394783892,0,0
"100",0.399003623942767,0.247646057034243,0.157821155275812,0.0895126555261764,0.0472934850476098,0.0265416085875301,0.0188281937915046,0.0108084777640553,0,0,0.00142222046197741,0.00112252256832464
"101",0.388904477398809,0.251703210108956,0.15736144946789,0.0877615787213941,0.0423090731938112,0.0290895897169048,0.0232713981368696,0.0113690691624092,0.00166012440599418,0.000326032982165672,0.00248244651745598,0.00376155018734123
"102",0.393909881117914,0.250348829223818,0.152509378560529,0.0870330419211085,0.0416496273132133,0.0284937792818052,0.0198079138850005,0.0130147917317128,0.00255177534190199,0.000472558280771506,0.00775828152352446,0.00245014181870095
"103",0.38772482959841,0.245336705519136,0.152940479940307,0.0843325748032062,0.0394955227056016,0.0298304219722421,0.0257139270887031,0.0177355687727883,0.00132961674805481,0.00137906354771254,0.0090362345880917,0.00514505471574654
"104",0.383806855397125,0.24987908091835,0.150062812940191,0.0803641414649676,0.0419898728376174,0.0362973881550571,0.028020282637988,0.0168508237139404,0.00183956656554233,0.000461024876541655,0.00701504355958223,0.00341310693309745
"105",0.382045724505722,0.248150731473984,0.149328953423296,0.0777849709605506,0.0450108027251406,0.0425060156523416,0.0309314320567271,0.0173592499992451,0,0.00116318787007578,0.00571893133291772,0
"106",0.38002734180109,0.251875390750372,0.149340854265154,0.0794704103059928,0.0403983601911858,0.0443689005003452,0.0358213819046862,0.0128127521098626,0,0,0.00397343263634071,0.00191117553497119
"107",0.381595219631307,0.247438441029059,0.150821607016553,0.0817282658723524,0.0396094103717324,0.0452870838065045,0.0381319698745684,0.00996050349096893,0.00161977872736664,0,0.00132389972604393,0.00248382045354414
"108",0.378656157618696,0.248593311406794,0.146741837089982,0.0811409084060759,0.0418976671742553,0.045865053753615,0.0351196376601759,0.0129741448918965,0.00480698332380914,0,0.00125821213860639,0.002946086536093
"109",0.378536876301321,0.238553209294669,0.147641984041563,0.0858644131527855,0.0468270805718385,0.0510789958715257,0.0282847920733409,0.00954708634281229,0.00876681020825013,0.00263131393201801,0,0.00226743820987542
"110",0.372988637149962,0.236953116211321,0.145422657176889,0.0829866344164039,0.0452998147986176,0.0491000947691551,0.0364923613433039,0.0178454144984829,0.0051041816952316,0,0.00128755490269992,0.00651953303793279
"111",0.380233140790208,0.246712721130832,0.14358229475888,0.0834255825363096,0.0435403623902703,0.0456283094742752,0.0361095576472908,0.0206404879210421,0,0,0,0.000127543350891109
"112",0.388288544916409,0.24439735664583,0.150070982263174,0.0832756430878797,0.040284382611162,0.0422818167688073,0.0298397937069084,0.0181115819176243,0,0,0,0.00344989808220527
"113",0.382666717981727,0.255602798932408,0.141504926616288,0.0840880910859046,0.0355014194509685,0.0430830645460482,0.0311729594393149,0.0162953670781464,0,0.00292280731231765,3.71857655477574e-05,0.00712466179132926
"114",0.38058052222977,0.251395352247538,0.146123316982946,0.0865556407097791,0.0371627076561307,0.0463843830540549,0.0310800135909878,0.0107350606075102,0,0,0,0.00998300292128291
"115",0.380373438043595,0.249215621732598,0.149301412936274,0.0940085379407197,0.036751055669457,0.0475207837662794,0.0297491755999803,0.0111151053819144,0,0,0,0.00196486892918253
"116",0.380735226905096,0.250695890756379,0.152207463086927,0.090696035178652,0.0371393140866929,0.0463364493232956,0.0312368948437064,0.00651133867560101,0,0,0,0.00444138714364983
"117",0.37976772323266,0.247289647860489,0.147966605241339,0.0864932005967327,0.0412901072166616,0.0455149923442703,0.0357254156270874,0.00662027181217782,0.0024483993912322,0,0,0.00688363667735044
"118",0.386662597123589,0.24663015997384,0.143857326808764,0.0819289060623791,0.0454401966126225,0.0452151447483169,0.0333533974721362,0.0100481728136069,0,0,0,0.00686409838474472
"119",0.376292669869016,0.245599695339334,0.140643123448175,0.084256004044634,0.0461861722201304,0.040224870767222,0.0426651779570743,0.0124538950608683,0.000705439949988246,0,0,0.0109729513435576
"120",0.372267752287882,0.241868830952601,0.146473732813187,0.0860953568307656,0.0465504616105561,0.0440929602562374,0.0402370844525337,0.0114527425729265,0.000467927799225016,0,0.00123753651661238,0.00925561390747316
"121",0.370885517977794,0.244453440877544,0.149404404236663,0.0858389144284113,0.0480905178714866,0.0439905161819709,0.0352493938655916,0.0114792959858446,0,0,0.00316321652299215,0.00744478205170135
"122",0.37275813629853,0.241611721470467,0.144584971348222,0.0828524892830318,0.0503727856519429,0.0431122283789718,0.0352542139051986,0.0135908919901761,0,0.0015851772401777,0.00509013874849088,0.00918724568479203
"123",0.369454749575954,0.244743196061618,0.146393304462525,0.0797022201021631,0.0504620362159408,0.0382792320884366,0.0379438457427832,0.0127073426232461,0,0,0.00928193557982824,0.0110321375475052
"124",0.367998041129613,0.245820868341954,0.14700704469977,0.0771683790528648,0.0521159492525431,0.0361997946560897,0.0348958046805653,0.0190904067591739,0.00165062398892698,0,0.00586746144466129,0.0121856259938371
"125",0.374308315744234,0.250066691051804,0.148711510477676,0.079581513761743,0.0521648723337546,0.0311612986446896,0.0349468905227114,0.0141707166892907,0,0,0.00870188826611857,0.00618630250797847
"126",0.381517629980454,0.255107152587754,0.148493437901274,0.0778264734742857,0.0534835323274765,0.0293673328773022,0.0303473507124032,0.00906378119041113,0.001405716836959,0,0.0086023295162903,0.00478526259539048
"127",0.368187646513742,0.24710198177015,0.144954629138296,0.0757027818170174,0.0546882008809113,0.0319983052051993,0.0325765664566879,0.0164575088580808,0.00305947216859694,0.00335140696627447,0.0111847675701094,0.0107367326549347
"128",0.361245959434866,0.239645960604439,0.147722328344639,0.0747398442757033,0.0579775722422997,0.0356761931469481,0.0355230731690467,0.0219154111770362,0.0056473171343874,0.0020050164636175,0.00678255981092944,0.0111187641960888
"129",0.381595983646167,0.247944612788926,0.157937892919804,0.0818522815565092,0.0535818452864992,0.0306799352380254,0.024401795909583,0.0110776712970025,0,0.0012996987629446,0.000341569617942333,0.00928671297659737
"130",0.378931311635077,0.243741674990382,0.156190792024656,0.0857282309601134,0.0521711135499894,0.0318092966502126,0.0275309329962101,0.0132298898003287,0,0.00823668885026556,0,0.00243006854276518
"131",0.385815514084032,0.2428087172258,0.161291823744222,0.09213823606861,0.0501304662321532,0.0302882918853696,0.0250293051807599,0.00696625533639622,0.000539743196295956,0.000197272946280706,0,0.00479437410008024
"132",0.388477805737389,0.243552309251075,0.163176908577562,0.0948769332259983,0.0436439803099418,0.0314014811022138,0.0237917852687838,0.00923609720113086,0.000799526237610303,0.00104317308829624,0,0
"133",0.386815883331485,0.237939262557097,0.160810351345015,0.0950192897763278,0.041216518155194,0.0364918652191675,0.0241741637885147,0.0131996992733795,0.00235235944677109,0.00198060710704776,0,0
"134",0.378946564646343,0.238645241614564,0.156369267657851,0.0979527331339706,0.042340053630448,0.038044747451398,0.0280640505136352,0.0165034592103946,0.00239691526095221,0.000736966880443377,0,0
"135",0.383554235504044,0.243123196595633,0.160097175656012,0.0957145747156009,0.0403165265025421,0.0391874000376039,0.0270987376475976,0.0109081533409663,0,0,0,0
"136",0.367744906652803,0.239511965601419,0.160264950815976,0.0960022799253086,0.0422219024792998,0.0376086449678505,0.0303025663985535,0.0133596996740439,0.00599807484128554,0.00263730045977672,0,0.00434770818368375
"137",0.371581338939647,0.238682613763199,0.161643674096919,0.097179199874249,0.0447133630030551,0.0369868963701658,0.0270510304476064,0.0158622843606017,0.0044734795925417,0.000935251617069031,0,0.000890867934946821
"138",0.375070586488648,0.240580681631805,0.160853902592156,0.0943104053070177,0.042415278450544,0.0408685358165101,0.0266556426917516,0.011664386564947,0.00278599268745633,0.00479458776916372,0,0
"139",0.379438563828064,0.240670747769991,0.164828190170574,0.0943926674912172,0.0404010086494696,0.0365423810464249,0.0272208433256656,0.00854830710467837,0.00181207622813529,0.00614521438577973,0,0
"140",0.385457659378188,0.245571700789179,0.160939020928097,0.0958435080924006,0.0393195057129977,0.0377092922726836,0.0252445098441042,0.00584886819415483,9.74077948016061e-05,0.00396852699339365,0,0
"141",0.381610446196121,0.240883567092076,0.154353341657148,0.102396646100211,0.0374937886917916,0.0428716103363194,0.0276788670978017,0.00722379069027631,0.000871972778119153,0.00461596936013544,0,0
"142",0.382079936133981,0.245812506975442,0.151596662146595,0.0985664092594935,0.0431694970764578,0.0386570928352538,0.0254888056508809,0.00532620132725697,0.003450283081224,0.00501191340331679,0.000840692110097925,0
"143",0.384840974568957,0.24536805783409,0.157082738063991,0.0956419831633561,0.0434593150868521,0.0332806345330198,0.0246631701973276,0.00185484507920279,0.0050128378386525,0.00879544363455093,0,0
"144",0.386847081137131,0.249037845506923,0.155461767372369,0.094086716357339,0.039690262429483,0.0346510122824056,0.0264250087372991,0.00442312113984904,0.00171097498487843,0.00766621005232247,0,0
"145",0.394957435543544,0.246630955553726,0.14948170166738,0.0889829774000257,0.0425916825420041,0.0321263466964325,0.0249440045403455,0.00638405680460927,0.00406557632550066,0.00615686442256767,6.56623351331551e-05,0.00361273616873126
"146",0.386675727244486,0.242737162582695,0.149838659374828,0.0866873301482918,0.0418334283842907,0.0352199734078925,0.0262057556192836,0.0105220814009334,0.00900784721780637,0.0018577066984416,0.0016418341818476,0.00777249373920302
"147",0.378847461693383,0.239358279104866,0.150497428175538,0.0818774052637464,0.0484353769796945,0.038951464394462,0.0321118811382949,0.00963819877937069,0.00363338040230375,0,0.00609216303959185,0.0105569610287499
"148",0.379066940746419,0.242098432427191,0.150516077465965,0.0813978049878922,0.048720794756321,0.0387167017679642,0.0289931755177181,0.0073369725818547,0.000951873390994252,0,0.0149707558027856,0.00723047055489523
"149",0.395422880375854,0.244075239590588,0.146604544121055,0.0875778998083605,0.0556762469416031,0.0354626367030132,0.0203297326731146,0.00812087655355602,0,0,0.00257400876226611,0.00415593447058976
"150",0.391205637015734,0.243605920938961,0.151254900969952,0.0932357163453679,0.0439256725185177,0.0368113727231449,0.0229101396664548,0.00501848733798508,0.00185532858062933,0.00237681671470485,0.00511689648140712,0.00268311070714201
"151",0.377234955532457,0.241106803930235,0.148513277179167,0.0885501155245138,0.0445527443466719,0.0387616514694322,0.0268462052141987,0.015187669175549,0,0.0041756493199812,0.00890773051594558,0.00616319779184864
"152",0.376717141311265,0.241931499359394,0.143989679393628,0.0829266000966991,0.0489302587342257,0.0373035911162214,0.0295782175922208,0.0172214074625946,0.002987943407709,0,0.0140147068286201,0.00439895469742179
"153",0.379414440971953,0.23449084037259,0.147085953617671,0.0928370267671432,0.0471273438757444,0.0343586917701576,0.0260540832832714,0.0149459887785813,0.00292173982584254,0.00356041877111,0.011106093940671,0.00609737802526464
"154",0.380587805424757,0.231940200506008,0.149429157034373,0.0935270723005526,0.0500715718169766,0.0376944577665966,0.0195543813730207,0.0134714762071525,0.00805057317959681,0.00730404085783079,0.00374359482936658,0.00462566870376838
"155",0.383385140734027,0.234500717136378,0.153168378598363,0.092034035185308,0.0489494167376073,0.0416214356583023,0.0220116823444311,0.010972096761685,0.00358505403219414,0.00977204281170482,0,0
"156",0.39006163037147,0.242813727129043,0.146878706906787,0.0961804570677097,0.0554823383524661,0.0381475556004554,0.0166439964964244,0.0120897721049556,0,0.00170181597068886,0,0
"157",0.370980886131382,0.234595549537953,0.149010188114736,0.0945357256687063,0.0547244366634331,0.0369770235219342,0.0191052160265119,0.0186709841348422,0.0115114347122239,0.00514338864856176,0.00141627164338046,0.00332889519633509
"158",0.37669240529519,0.234122392933507,0.158587763080221,0.0957201695953473,0.0459858822654143,0.0407438081966243,0.0193149348173643,0.0162074301635779,0.0100766390989457,0.00254857455380887,0,0
"159",0.389189066677632,0.243179259450063,0.149741156151202,0.0942439243868465,0.0506451099764755,0.0395107119792176,0.0132857413655633,0.0144778864612867,0.00572714355171365,0,0,0
"160",0.393144562167171,0.239726259956164,0.152184445846358,0.0870524645315102,0.0458205531601582,0.0424127984098864,0.0148199197769409,0.0156986950681761,0.00405320942870202,0.00508709165493199,0,0
"161",0.381243646248501,0.24096441865336,0.151012177086666,0.0887161123979823,0.0564468735309293,0.0386634773209078,0.0218726686004054,0.0118199552845882,0.00407110566005207,0.00518956521660819,0,0
"162",0.377766151357809,0.238747725863252,0.152480655963835,0.0942546108663837,0.0585274321680606,0.0359838414973832,0.0188482156285351,0.00835182652636912,0.00475436773933932,0.00647366658826519,0,0.00381150580076745
"163",0.382866961922597,0.230857913250379,0.148024734236413,0.0994445434562085,0.0551648916116519,0.0355723713487742,0.0236614611434911,0.0101836393908776,0.00256860623728363,0.011654877402324,0,0
"164",0.38314267494194,0.228312723578098,0.15372636128839,0.102101829780418,0.058040389965921,0.0338569153078952,0.0204497892452938,0.0104731141038371,0.00522138410188505,0.00459746352413179,0,7.73541621895068e-05
"165",0.378271247318548,0.223050853555224,0.153086134210728,0.105193195044119,0.0585932884126563,0.0356299291811036,0.0177862091406065,0.00907955371218545,0.00953000037332104,0.00244847674692309,0,0.00733111230458547
"166",0.380937727281815,0.223000410486579,0.159282059761856,0.10252567969595,0.0536141680436129,0.0406635317877935,0.0111881505130275,0.0173707084299224,0.00905343754693686,0.000506634632228096,0,0.00185749182027804
"167",0.392257808277956,0.231668502135503,0.150890983071716,0.0916137423383471,0.052108906253745,0.036703692317011,0.0201249998999291,0.0159530574379926,0.00867830826780064,0,0,0
"168",0.381427489418234,0.223800577362585,0.15005239025546,0.0976881028861507,0.0515955836498995,0.036051527350719,0.0238716398642935,0.0205635574869948,0.00996645185033171,0,0,0.00498267987533251
"169",0.371679839221861,0.227224136769108,0.153625090161608,0.0992392663297325,0.0527638146197636,0.0375813154570151,0.0218724738767701,0.0205958872638903,0.00585266956138955,0,0,0.00956550673886201
"170",0.378112663784184,0.230948387368851,0.147541124517413,0.0931644821346591,0.0572906524912988,0.0379193748692732,0.0238468951716487,0.0228826483153039,0,0,0,0.00829377134736863
"171",0.374834815252315,0.223059330147351,0.151331347858399,0.0977456745074027,0.05553347952178,0.0381605660556819,0.0195894560437443,0.0238237330374167,0.002496719032564,0.00122135464463512,0,0.0122035238987097
"172",0.371528986895758,0.224227498441476,0.15483383470522,0.10335410727726,0.0530946501096897,0.0391462807484754,0.0165094455016815,0.0211644267907425,6.84774750143502e-06,0,0,0.0161339217821962
"173",0.375604432137298,0.227307576495402,0.159548499757263,0.104905868196694,0.0506967228523543,0.0403636367621184,0.016517822399165,0.0206243283227001,0,0.00254741851030685,0,0.00188369456669797
"174",0.364760108621696,0.224033919054278,0.151146420583865,0.097249840789789,0.0563696397586689,0.0374488055254634,0.0265848202628042,0.0227742048500996,0.00664961986500464,0.00300996887222467,0.00476546861224442,0.00520718320386263
"175",0.369487871729129,0.22293636188767,0.158266781813108,0.0976396716776221,0.0563723903748987,0.0422470271802729,0.0204843772208937,0.025334644515999,0.00361334741793552,0,0,0.0036175261824714
"176",0.37242757717645,0.223065717054441,0.1554192157591,0.0948136248315573,0.0501080273403291,0.041771785607835,0.0243038758961782,0.0199365722725949,0.00606535099604515,0,0,0.0120882530654697
"177",0.373145075567167,0.224601496675503,0.158678652025769,0.096040466682732,0.047518435390607,0.0429418100385103,0.0223817114045825,0.0196215978452698,0.00575473287697096,0,0,0.00931602149288866
"178",0.372448037395478,0.229243352304869,0.161928693270435,0.0970826650675593,0.0420145899578017,0.046498475160281,0.0228494009871046,0.0169562058462574,0.00959625158517605,0,0.000862393033255801,0.000519935391782261
"179",0.378836292456262,0.238345121960089,0.152401585655769,0.0924579121751652,0.0490360194537533,0.045445155056793,0.0186944585884881,0.016675355317459,0.00810809933622098,0,0,0
"180",0.378169358178393,0.235752701022361,0.154147832161197,0.0914684094311261,0.0500223458669976,0.0396339117473982,0.0178047987879285,0.0169766892376117,0.0116369165104583,0,0.00438703705652861,0
"181",0.381235729746195,0.235246132373457,0.156117213307786,0.0923229632608965,0.0519372036948784,0.0355439554518722,0.0173620024449695,0.0152938862493075,0.0117466840269809,0,0.00319422944365734,0
"182",0.375584771353954,0.236942740118241,0.157514936118771,0.0919742358506853,0.0511946442818641,0.0371843928510846,0.0226808581243321,0.0148794295712592,0.00943644373813094,0.00203359297118117,0.000573955020496935,0
"183",0.387687912184304,0.235136337570084,0.161720656410021,0.0948104538980902,0.0441792821846698,0.0359361658168248,0.0193700610810303,0.0173341352140012,0.00382499564097492,0,0,0
"184",0.397215990590232,0.242842597691318,0.153443225316902,0.0888804639223462,0.0397372114274123,0.036301488557499,0.0171019971870999,0.0162329142144019,0.00365080368941048,0.000729855958659766,0,0.00386345144471833
"185",0.394528391155055,0.24475587437781,0.150104385111963,0.0945015708668636,0.0400325397043853,0.038187532192237,0.0187292148308584,0.0124565780002568,0.00482341050627504,0.00188050325429513,0,0
"186",0.376179762056953,0.234361542032796,0.145448706196596,0.0986064958380245,0.0460871217703679,0.0370087573543165,0.0204652487135992,0.0204474962230386,0.0103462628716912,0.00663371890287436,0.00234273684281189,0.00207215119693088
"187",0.388019093007239,0.243015795981793,0.152857890916352,0.0983848799265216,0.0477310889476741,0.0338275467617915,0.0160656739450612,0.0126763430639333,0.00703993955890206,0.000381747890731997,0,0
"188",0.397988209532176,0.248293316464515,0.155781641209129,0.0932523761122869,0.0434650467964126,0.0348717971832501,0.0133848211571076,0.0111683956635652,0.000479151473674699,0,0,0.00131524440788319
"189",0.379629614098774,0.241517221125101,0.149952204812272,0.0837678005414316,0.0422100765074072,0.0357455897130143,0.0228753973121779,0.0171107764390902,0.00838383543480751,0.00383598276898031,0.00558315054412666,0.00938835070281661
"190",0.382260342031589,0.239717463476525,0.158553536146128,0.0918477812807619,0.0415564676527325,0.0376362332315586,0.0219994233965831,0.0163195626741496,0.00569286505658085,0.00441632505339117,0,0
"191",0.37492740810422,0.236618643417962,0.156807470423647,0.0948548734359481,0.0458593132936791,0.0355566879250645,0.0246410665363984,0.0181197319088099,0.00532995879166299,0.0067636654571707,0.000521180705437322,0
"192",0.363267334620124,0.231376603810152,0.15405700217419,0.100358805888878,0.044965962713456,0.040836209645339,0.0287466655158817,0.024390239204791,0.00604981854988401,0.00514706163488667,0.000804296242417356,0
"193",0.372235085994683,0.223530926160285,0.159572077624292,0.0966489134132477,0.0495038780139817,0.0440601605530688,0.0248683783927255,0.0251310739835308,0.00315007071770245,0.00128057360900113,0,1.88615374817464e-05
"194",0.367665098660324,0.224239452244456,0.15816915428317,0.09250626211228,0.0544648397560536,0.0431166809625209,0.0242870576464667,0.0280305338432577,0.00367759952772006,0.00111035211494262,0,0.00273296884880861
"195",0.377954236740116,0.225662053736441,0.157337710530913,0.0931345778060762,0.0524833910116925,0.0380355602878863,0.022250239526103,0.0262491280372506,0.00673723502333516,0,0,0.000155867300186174
"196",0.363666661749431,0.229130616649376,0.16100635590436,0.0894663326695472,0.0498386315233479,0.0437512870133829,0.0228844440169083,0.0214011281134761,0.0130334098301195,0.00010965847512144,0.00571147405492936,0
"197",0.364552493144582,0.232306677385305,0.161297421337922,0.0950809580352867,0.0456202237024763,0.0449551502496372,0.0219805966951911,0.0145478390559791,0.014721192235059,0,0.0049374481585612,0
"198",0.374841958618249,0.235718570507695,0.165157772410997,0.0934209834790845,0.0443137338301749,0.0400913041502791,0.0163011586250539,0.0151067694427454,0.0150477489357204,0,0,0
"199",0.383277863626716,0.237346368956456,0.164882124554729,0.0985159329693896,0.0492269054729823,0.0305889165428692,0.0108741973886138,0.0155387976017786,0.00974889288646675,0,0,0
"200",0.398016981811637,0.2473386457159,0.164577376744861,0.101771345874054,0.0433444944005406,0.0275856446690332,0.00853734849357703,0.00630995084427712,0.00251821144612052,0,0,0
"201",0.396374972263988,0.242816359562655,0.160518454945248,0.101397722231928,0.0376836403443913,0.0308049846522065,0.0167092465548387,0.0103036764577414,0.00130018969591794,0.00209075329108489,0,0
"202",0.391456061512346,0.243442588018162,0.152942968938378,0.0854208353742018,0.0438554517525305,0.0423634404460091,0.0207831160175714,0.00994980922268598,0.00677352561352124,0,0,0.00301220310459431
"203",0.385739018875818,0.244426908836099,0.151527638765742,0.0911009932144243,0.0461601008387964,0.0393950416198492,0.02275127649902,0.0112797268252961,0.0076192945249543,0,0,0
"204",0.384143033766186,0.240908900859834,0.151687065447825,0.0903741345515429,0.0426400685536892,0.0429871038395014,0.0239696161227872,0.0157475676287911,0.00754250922984245,0,0,0
"205",0.392614235690745,0.242963357099997,0.151696966535536,0.0915359537920194,0.0515973536905131,0.03619338214415,0.0166638006096719,0.0138210722753392,0.00291387816202927,0,0,0
"206",0.389117030142672,0.23053463588682,0.150666615862256,0.0889581117283472,0.0486540922324052,0.0414333639896251,0.0160836680847699,0.0190781347720297,0.00151398453266394,0.00929996299034941,0,0.00466039977806159
"207",0.390129014846345,0.229077422450315,0.15256701831786,0.0910643327996156,0.0441255177136043,0.0444810625291868,0.0147975343871898,0.0221092490281714,0,0.0107289528637021,0,0.000919895064010426
"208",0.389558264719061,0.23031091719085,0.146765811961232,0.0924499497163953,0.0441925094464806,0.0437643451369378,0.0109944893181382,0.0256370123140599,0,0.0163267001968452,0,0
"209",0.392217871567569,0.233120053472459,0.147355654258164,0.0914404916604327,0.0491602371178733,0.036802324637139,0.0163970277639402,0.0234325858923839,0.000775223632525859,0.00929852999751348,0,0
"210",0.393211195027172,0.234038386454837,0.147056131419837,0.0844506448376676,0.0500237612060682,0.0391394405218923,0.0245578960997093,0.016044479918636,0,0.00581451407246681,0,0.00566355044171399
"211",0.389081858782302,0.233878031336256,0.147044723459713,0.0813187606723672,0.0518063805825689,0.0424937558279607,0.0244810045931749,0.0137173165467035,0,0.00384820861156032,0.00234252630603188,0.00998743328136117
"212",0.388839694644155,0.239897535296111,0.148401701561282,0.0878419617079462,0.0481242752582379,0.0396182530780629,0.0260136913889554,0.0111613282804515,0.00117145063149633,0.00588675029419612,0,0.00304335785910526
"213",0.385659877495924,0.243002154603917,0.151935944858735,0.0886927942552281,0.0440271010882106,0.0416185981023138,0.0261443730108278,0.0103745104579116,0.00177742033805402,0.00676722578887855,0,0
"214",0.383040122102246,0.229493460067777,0.146006062238743,0.0909671848582387,0.0396936848337548,0.0467571448631289,0.0277426680527437,0.0199536687861376,0.00056124173896249,0.0140863434593678,0,0.00169841899890054
"215",0.378123373845249,0.232036572299272,0.152172430762048,0.0947438514719395,0.0443939627228775,0.0402447203469657,0.0261037925560523,0.0184740027570344,0,0.0137072932385605,0,0
"216",0.371699928676715,0.228110004554669,0.153294017892845,0.0959119522942478,0.0487984867238969,0.0393276810845774,0.0254945619582955,0.0172601439076109,0.00388171780445898,0.0134749005535575,0.00274660454912674,0
"217",0.370203971027167,0.223390440953246,0.144441872839691,0.100095261831164,0.0497908682621311,0.0435504323359384,0.0269544406945608,0.0197535789892298,0.00556869581190267,0.0158503696404776,0,0.000400067614491834
"218",0.372766799932358,0.221499164570465,0.143978749837041,0.10289765189206,0.0499913510965637,0.0462913984201042,0.0214699275225445,0.0208066079907244,0,0.0202983487381387,0,0
"219",0.377766743802299,0.224858249206412,0.14749761250446,0.0948601094912302,0.0492743558228858,0.0437867792543906,0.0254940835825571,0.0178532076391747,0,0.01453757929379,0,0.00407127940280095
"220",0.379619976644987,0.232703189547827,0.152573542509153,0.0928828511262184,0.0516056949597659,0.0416317232943576,0.0251605396495168,0.0107900256885101,0,0.0130324565796642,0,0
"221",0.382566134532781,0.231645680378492,0.150890120267857,0.0948509986836354,0.0557651524234494,0.0385038606431937,0.022886866676057,0.0108009770882991,0.000868606114653433,0.00938872053730942,0,0.00183288265427225
"222",0.377041383736539,0.229032713693264,0.151852168258525,0.0936169694583031,0.0506320724721695,0.0412151033526417,0.0232370781299911,0.0147211933534629,0.0065808442220001,0.0120704733231031,0,0
"223",0.370262722152147,0.234300103817732,0.155556654236357,0.0917292455549973,0.0524101879453554,0.0411657739440729,0.0191181357940405,0.0176790533997929,0.0078643465518509,0.00991377660365451,0,0
"224",0.373571546920417,0.229562595904007,0.157234890178372,0.0970833575327259,0.0554223696503106,0.0403329346937261,0.0139013087186168,0.0181728207192802,0.00681372171796379,0.00773578943729533,0.000168664527285342,0
"225",0.370046302349573,0.23662731529986,0.15770803838795,0.095203207924082,0.0474244778083653,0.0434364805024485,0.0160303057151923,0.0177920725766197,0.00768127562983905,0.00805052380607042,0,0
"226",0.3649058632003,0.228965467356431,0.15514437506777,0.0961599049969829,0.0505941901032441,0.0427215318371091,0.020588506981773,0.0188564964092711,0.00829896708659833,0.00508736473771074,0.00321903044040577,0.00545830178240299
"227",0.369427484424824,0.222018961141106,0.158557932959356,0.096578189429104,0.048923035830952,0.0412814663066198,0.0217867813414033,0.02177348825437,0.00909326215555992,0.00655222138706806,0.00189873283721955,0.00210844393241802
"228",0.379366098784526,0.228945168914279,0.14877276867638,0.0923105587057762,0.0526453650683974,0.0399760533301692,0.0235773708359651,0.0224445353943975,0.00593624319854992,0.00311889766365389,0,0.00290693942790559
"229",0.373198023676791,0.229565737978077,0.151635148761943,0.0955250869642846,0.0501520334719174,0.0447525342724001,0.0279163600537972,0.0221926796842906,0.00506239513649812,0,0,0
"230",0.379574953853325,0.231969489211546,0.146716183515019,0.0993311223547676,0.0454425989439581,0.0458471513804262,0.0311133541964274,0.0149209520784161,0,0,0,0.00508419446611431
"231",0.368399870993276,0.223836815320929,0.152532684612687,0.0967434060221156,0.047333320078758,0.0471441065066634,0.0272215284045377,0.016094704590621,0.00514788930594925,0.0062217506447128,0,0.00932392351975
"232",0.371326637485266,0.223953837822476,0.1542202882575,0.100783732799648,0.0460202651476311,0.0435676534170529,0.0258774785011103,0.0188623837559147,0.00571362972362525,0.000364289778444673,0,0.00930980331133122
"233",0.364384861839749,0.222271420790258,0.155363196418397,0.100040156267161,0.0487144774014856,0.0462832928582934,0.027568648566036,0.0240203798053579,0.00370928642458731,0,0,0.00764427962867517
"234",0.364883450279282,0.221977016474816,0.158457763274753,0.0967073897544984,0.0493290645006,0.0460425992932686,0.027552373337122,0.0244809691131709,0.00103902530807058,0,0,0.00953034866441885
"235",0.368679498046524,0.223922565781724,0.161498288500481,0.0909347668891809,0.0498422895660856,0.0438449120269897,0.025617397938864,0.0239946841949782,0.00121553044936726,0,0,0.010450066605805
"236",0.372889471054396,0.222552138295295,0.160153707319144,0.0899781172990313,0.0472477184327145,0.0432495102058061,0.0242253076486651,0.0283890518709586,0.00468268649388969,0,0,0.00663229138009998
"237",0.379641820632919,0.227485615344719,0.150630200417472,0.0963764460587337,0.0555875259137184,0.0370729185359439,0.026020222845482,0.0224002744542251,5.67219469517646e-05,0.000344004081799008,0,0.00438424976803583
"238",0.378783720537113,0.234421737130433,0.148345475091461,0.0976975731594699,0.0576017056986659,0.0369166246998697,0.0265047977546369,0.0197283659283494,0,0,0,0
"239",0.372210056207888,0.235197264797977,0.148767363656017,0.100921092686104,0.060166050152983,0.0377599735211629,0.0238176344382171,0.0187770627916956,0,0,0,0.00238350174795582
"240",0.372961885905189,0.234649648392875,0.150765861460311,0.0969961105195496,0.0629451604113393,0.0342059026544974,0.0235096951249106,0.0207480578625718,0,0,0,0.0032176776687569
"241",0.3713243439748,0.233796483604353,0.154430816422131,0.0990055572274537,0.0551023631265259,0.0334807312383351,0.0270778064695054,0.0210532612952203,0.00472863664167549,0,0,0
"242",0.372502376719034,0.231696261852863,0.152592956099778,0.103411445871402,0.0481503662710955,0.0350060472190613,0.0330232305637247,0.0175514443844956,0.00605936400707523,0,6.50701147155747e-06,0
"243",0.370841325625817,0.236759554355474,0.155994612589093,0.0986234126360118,0.0436172359629127,0.0405522034866298,0.0249631492013452,0.0145980652855759,0.0106263069226185,0.00342413393452164,0,0
"244",0.361828474011808,0.233483165799073,0.15557118144341,0.097061811431346,0.0461923034317902,0.0429222608572917,0.0270026288561221,0.0196233275045921,0.00874843100305466,0.00626862995586549,0.00129778570564726,0
"245",0.370273423426754,0.22793285756354,0.153393550528877,0.098758935459404,0.0511026393912771,0.0451770369494119,0.0214672771063258,0.0203459943609008,0.00390677207540861,0.00222101056304599,0.00333867404286851,0.00208182853218548
"246",0.368463946899771,0.236119770951504,0.157347240667419,0.0949210716636867,0.0489591033697223,0.0396856085899166,0.0200958259999533,0.0181157445318641,0.010671532143341,0.00562015518282177,0,0
"247",0.361414660982725,0.233834804912308,0.154658970845928,0.0985912144916021,0.0489541991974696,0.0387699998862122,0.0224296585492741,0.0268682058364133,0.0127929455280904,0.000685986792150846,0.000999352977826937,0
"248",0.358990156930816,0.236201214527015,0.158040358119551,0.0947335049074023,0.0486333149465319,0.0422311989816423,0.0197455723187302,0.0265492087926683,0.0126084322153779,0,0.0022670382602652,0
"249",0.358404612351972,0.231339650905979,0.151161204609835,0.0929393520230172,0.0519712949738437,0.0459992640117043,0.0271594763330299,0.0261763418038287,0.00919917005499063,0,0.00247314586649248,0.00317648706530691
"250",0.365506816078994,0.227140605421382,0.158204586137773,0.0964828741110059,0.0503080732750302,0.0419511899546431,0.0273218669084605,0.0238652013605693,0.00612070669311157,0,0,0.00309808005903092
"251",0.371270613333787,0.225184743121585,0.156259161189569,0.0962007064586873,0.0519469703830699,0.0405041826892552,0.0239957728280303,0.0266911010304692,0.00729034083615464,0,0,0.000656408129392229
"252",0.365939565490812,0.222226348462085,0.160906894509804,0.0952781559427185,0.055397626756344,0.0430665640742432,0.0180868654022417,0.0264894984792434,0.0075543641814964,0.00242145365399395,0,0.00263266304701826
"253",0.366643944666131,0.226956927932422,0.164312927947362,0.0932904138059272,0.04799908587609,0.0415282212933896,0.0187112129086514,0.0234583828352304,0.0136032849604723,0,0.0033008479911202,0.000194749783204317
"254",0.371279085379221,0.231545476789398,0.163194761926634,0.0945501109131204,0.0488288242727552,0.0384693206086132,0.0172653676395065,0.0178607387567131,0.0147552698292602,0,0.00225104388477912,0
"255",0.363130533459944,0.230285241623494,0.154111433433398,0.0905331674074022,0.0552739423976986,0.0431163656440994,0.0224093822804557,0.0217854634414511,0.0159585280871528,0,0.00111550081451222,0.00228044141039253
"256",0.366384617501453,0.228884334555972,0.150506233592047,0.0895797234427386,0.0609084762748812,0.045765127197928,0.0267456810574709,0.0221951230048497,0.00830327349837307,0,0,0.000727409874286667
"257",0.362707708947246,0.226979190568229,0.15591168627434,0.0951542156070724,0.0564465350737049,0.0420285769891173,0.0273977872098423,0.0162719459657074,0.0159000712918653,0.0012022820728759,0,0
"258",0.366213543803722,0.234787870785119,0.156963439129436,0.0944624638894335,0.0547044014570737,0.0361635459089866,0.0213341379777029,0.0172529286989403,0.0134742032314971,0.00464346511808846,0,0
"259",0.377030307678661,0.232541946731994,0.156854090542314,0.0997073623109778,0.0555134786451977,0.0336058783254214,0.0175015246506813,0.021557139965204,0.00568827114954938,0,0,0
"260",0.361041406403999,0.222205895260116,0.153797703467102,0.0987791391390046,0.0583000547443652,0.0357458179560424,0.0194161248966907,0.021591230086258,0.0123072676650888,0.00724593936200159,0,0.00956942101933198
"261",0.357429168816187,0.225311528737354,0.157493784779115,0.10147090293191,0.0537558554989147,0.0409885509034403,0.0147435463177499,0.0266802060977209,0.0128285898852835,0.00267868790911361,0.00108311381320441,0.00553606431000739
"262",0.371201290746034,0.235831955825429,0.154246982822545,0.0932080253137744,0.0514129566897598,0.0356386926268088,0.0220215619164543,0.0239897643422702,0.00253816586805154,0,0,0.00991060384887289
"263",0.362399378035099,0.22912222553774,0.155139606845088,0.0964386650792233,0.0516570763861628,0.0397413194286599,0.0184611500495363,0.0240321172800336,0.00733589708393543,0.00219249081881079,0,0.013480073455711
"264",0.367291349342916,0.229102816686314,0.148991304763093,0.0961576835144843,0.0578471287783246,0.0404686926215269,0.0232144751885505,0.0240788399722034,0.0051173967038865,0.00119073884182753,0,0.00653957358687349
"265",0.37310474353259,0.229655460537378,0.157757651242982,0.0947980991861395,0.0582575867349573,0.0371035982140645,0.015754339990569,0.0222322375547119,0.00252795422976563,0,0,0.00880832877684249
"266",0.358866232316538,0.223648181475121,0.155724652443426,0.0938237473219497,0.0585750551491058,0.0354493284597785,0.0197800118432155,0.0258004997504997,0.00789448587200865,0.00522591243922212,0,0.0152118929291349
"267",0.373876854479736,0.229323383129864,0.154239700522494,0.0972777930592251,0.0550391262875974,0.0386202348487403,0.015972887440226,0.0252636852114487,0,0,0,0.0103863350206679
"268",0.367170870521242,0.232062958632531,0.158429171553672,0.0990484176461082,0.0497091232683587,0.0368265846362785,0.015423457420213,0.0244093339527041,0.00370631057335798,0,0,0.0132137717955346
"269",0.372155811116721,0.233843101981621,0.156193837550967,0.0985656676725046,0.0485873157169362,0.0381440588809908,0.0200259009658004,0.0259493694707241,0.0035506916290977,0.00183100494367353,0.00115324007096368,0
"270",0.376181721044737,0.235419459005204,0.150059695695683,0.097743355051959,0.0509434071375253,0.0390690654329497,0.0209631481642573,0.023965332721409,0.00362014720469243,0.000658260007520805,0,0.00137640853406303
"271",0.369646258173501,0.224008993713606,0.152008313352372,0.105591144676675,0.0516149872374519,0.0381232485220518,0.0191047517643301,0.0249364336032823,0.00157833935566931,0.00374789248934492,0,0.00963963711171564
"272",0.380557128411185,0.232757141387319,0.156085463681086,0.102175684961133,0.049293566737195,0.0404356199204705,0.0109118752030457,0.0257593945642383,0,0,0,0.00202412513432802
"273",0.378406143309366,0.235728866804273,0.148145693246706,0.0926082655948242,0.0489322871048917,0.0437469872273894,0.0180190114322662,0.0222751321093074,0,0,0.00113278437154254,0.0110048287994332
"274",0.368192363193647,0.222104886277158,0.149076820188615,0.100865383833573,0.0465934282348006,0.0384735695627819,0.0190157121859004,0.0256926181743165,0.00659728359466762,0.00627500446778546,0.0011372442962031,0.0159756859905508
"275",0.37224663301794,0.220281347557072,0.152743739901624,0.10237739086808,0.0432362450440456,0.0391871229495964,0.0159035570131526,0.025008903179885,0.00734413383884403,0.00409673637939888,0.00091557450267408,0.0166586157476881
"276",0.377658011774672,0.219971293737529,0.156787504910507,0.105038238193859,0.0406274130696192,0.0354007964244702,0.018987173505118,0.0251035428458689,0.00470320867749404,0,0,0.0157228168608625
"277",0.376565360641155,0.212660437580466,0.154189911612074,0.102183630967355,0.0438890507053443,0.0389843427178425,0.0201385241613019,0.0241312576684625,0.00414884844103621,0.00987316534927921,0,0.0132354701556843
"278",0.381250045629856,0.230468139694188,0.159528780669681,0.0932945971360631,0.0466036887031571,0.0382703347294376,0.021004093857286,0.0189858770037185,0.00135846883463902,0,0,0.00923597374197443
"279",0.379461518041734,0.234197037025438,0.155408258673298,0.0945588722211562,0.0481608740877678,0.0410236395756382,0.0202101563190399,0.0197381711922894,0,0.0031655654580986,0.00407590740553985,0
"280",0.393190611885042,0.232536098147126,0.159403880138053,0.0955966446601074,0.0507900187183788,0.0389213771435624,0.0127802817400493,0.0162169075951446,0,0.00056417997253666,0,0
"281",0.395610927827951,0.231435036472322,0.151182661565228,0.0975808715551595,0.0498355062701495,0.0409584811171988,0.00920769261846377,0.0154425525609697,0.00266464766872568,0,0.00608162234383157,0
"282",0.3901277211548,0.229316770092425,0.148815231411473,0.095195642576799,0.0548865696763912,0.0418929335428939,0.011715304225983,0.0176775150448655,0.00166285287821014,0,0.0087094593961592,0
"283",0.381540654478399,0.2236981374332,0.146039924933304,0.0993643317825947,0.0570501597325784,0.0413935754158422,0.0157264215392553,0.0197742675368714,0.00345151302673631,0,0.011961014121219,0
"284",0.386544047517445,0.228110333997353,0.149209203165226,0.0967016333523572,0.055908463772329,0.0360513254738377,0.015360803971817,0.0189386262236613,0.00105537906977539,0,0.0121201834561982,0
"285",0.400238907938954,0.232841857329639,0.146865021306442,0.101471767372025,0.0531321302556709,0.0313273178275276,0.011543632007705,0.0114202290965621,0,0.00151800348290108,0.00964113338257337,0
"286",0.390970112470362,0.227360047775993,0.145521362163656,0.0985025866495713,0.0511675065962126,0.0363660400613379,0.0190599201105944,0.0119632993488973,0.00285579518028697,0.0014533648461489,0.0147799647969394,0
"287",0.401705645253083,0.229250886039699,0.14764398333753,0.101652387533077,0.0504893173817596,0.0331345951840082,0.0143644041148226,0.00582656104292263,0,0.0029634984642319,0.0129687216488663,0
"288",0.392402650688609,0.226683279758965,0.146050259821085,0.095966502431088,0.0592844514196758,0.0358657268271201,0.0118146502515409,0.0105507190373978,0.000951357066197093,0.00449130753560835,0.015651289863102,0.000287805299610373
"289",0.3964272881154,0.223502312672042,0.146345693410657,0.0981044067071881,0.0618830140785729,0.0347072463192114,0.0120706365476386,0.0116613746517945,0,0.0053561123153556,0.00994191518214039,0
"290",0.387015934880016,0.228108006976332,0.148698195465257,0.0942476855867207,0.0565037237514632,0.0347744711533207,0.0131346439366339,0.019788374119892,0.00616095662173574,0.00845749615360688,0.00311051135502159,0
"291",0.376815251530969,0.22050411570828,0.147175411287786,0.0968466402040757,0.0589599383607794,0.0400600116597572,0.0163062341647745,0.0171533883284725,0.00667275904991885,0.00578276995299282,0.00660942636432419,0.00711405338786971
"292",0.388627608042292,0.230188731002489,0.148837038264538,0.10131368430479,0.0614787948483819,0.0374172494820556,0.0146515642356831,0.0148121679033333,0,0.00108252893866473,0.0015906329777729,0
"293",0.393839054507119,0.228620320346257,0.14635080295913,0.102721332375702,0.0574037152494502,0.033909479788832,0.0144008692040438,0.0154334059512793,0,0,0.00561489423578022,0.00170612538240779
"294",0.40068778222922,0.229863822727331,0.148335175410765,0.102207824161065,0.05464455472496,0.0327331722303339,0.0105738700001697,0.0125405933843543,0,0,0.00841320513180157,0
"295",0.391122962351517,0.224280410199978,0.147041118051159,0.0992430287304292,0.05434957444641,0.0339214227344486,0.0127245549265476,0.0145998341942234,0.00528149565400971,0,0.0174355987112772,0
"296",0.392905526678978,0.22894102880343,0.148878675949172,0.0966505895722298,0.0527141905412558,0.0388479615749317,0.0132228155979034,0.0138192208509809,0.00148149111072326,0.000888258515191267,0.0116502408052031,0
"297",0.391285352960371,0.228539687928371,0.146484731613116,0.100442111724652,0.0519111795503119,0.0397563667024012,0.0128806892171284,0.0153017542595347,0,0.0012361438403286,0.012161982203786,0
"298",0.400443096084793,0.228902078366543,0.151972376644444,0.100450225669346,0.052124744908505,0.0325771853843239,0.0100396328430087,0.0154622286472051,0,0.00258112660149419,0.0054473048503382,0
"299",0.39853179136358,0.228775014707755,0.151958293515041,0.0991199202159948,0.0548408066142901,0.0341504186746395,0.0108017648834028,0.0121933408907223,0.00139102814915527,0,0.00823762098541994,0
"300",0.390782139481674,0.223787756619175,0.14272789330386,0.100327702372697,0.0568380260568608,0.0369093830233918,0.0140919685949302,0.0157674923735663,0,0.00459382075808782,0.0141738174157565,0
"301",0.393233554567387,0.225208564291074,0.149690414793131,0.0964918805646232,0.0577224119882222,0.0393239922797762,0.0115940002095687,0.0121607958923792,0,0.00607336757506206,0.00850101783877658,0
"302",0.393597216897984,0.234492776593667,0.152136203704617,0.0937920801414648,0.0506373201814912,0.0372118070895082,0.0107401330860218,0.0139875258910686,0,0.0120084910066019,0.00139644540757539,0
"303",0.394139471283151,0.231967065861532,0.151184476142203,0.0947109857100073,0.0556772536209938,0.0329913657527985,0.00954055769310096,0.0182035059718952,0.00347948815789724,0.00810582980642086,0,0
"304",0.406564909093475,0.233354045892156,0.149764254793477,0.0984636449506286,0.0530942325470208,0.0296241888194486,0.0132421415955698,0.0126456791836043,0.00172626093372111,0.000592966046816017,0.000927676144083004,0
"305",0.40901604366364,0.239499724313621,0.148441551406901,0.0946292785489351,0.049180269579284,0.0315340095866757,0.0156057939768253,0.0117003769653303,0.000392951958787239,0,0,0
"306",0.410198024937202,0.242699283056435,0.151424118264422,0.0917047549021527,0.0480287108916093,0.0309046381585998,0.0110715173990901,0.0130217034328581,0.000229390878530438,0,0.000717858079100384,0
"307",0.399341289505388,0.238704395663802,0.150110039807716,0.0913456857412382,0.0512505030855217,0.0327847580259597,0.0124426707224238,0.0158773308829944,0.00374834378082606,0,0.00439498278413,0
"308",0.402156084348063,0.237284932920979,0.147648574657357,0.0956532181549385,0.0486544018569037,0.0301739254271134,0.0135779916283836,0.0144864233837967,0.00426317011225396,0,0.00610127751021141,0
"309",0.387970738072095,0.231150550450148,0.149082283725359,0.0887567711048272,0.0508025833452979,0.0357001667935268,0.0165362236853927,0.0164731245101671,0.00741985173846482,0.00159305212009718,0.012548238945269,0.00196641550935513
"310",0.397092692500823,0.232096700399614,0.152737955987296,0.0940854926372685,0.0534267252176361,0.0346969815217747,0.0139571140078112,0.0148418852207697,0.00292608749541355,0.00305824049501858,0.00108012451657408,0
"311",0.397619102366523,0.226205372676897,0.149893990309132,0.0971504616244907,0.0539187620528699,0.0362647280984935,0.0141198179469912,0.0189361207600437,0.00230318802368791,0,0.00205363515527921,0.00153482098559257
"312",0.399823163813012,0.220660285628804,0.150493644614632,0.0972489870936706,0.0580890876578417,0.0404045146937909,0.0151932194040001,0.0136466226635775,0,0,0.00444047443067075,0
"313",0.400009392667649,0.233245896070907,0.155308528680428,0.0911379161569151,0.0531938111216959,0.03608628247041,0.01087852000159,0.0106872167235577,0.004152916205244,0,0.0034976735837722,0.00180184631783084
"314",0.390564728956891,0.232576986890005,0.158133325310386,0.0886934540472284,0.0520789712114215,0.0290952972777014,0.0102820724482849,0.0177881344211073,0.00395260130132652,0.00337329549691757,0.00553434582003308,0.00792678681869714
"315",0.392116254911292,0.220339459182572,0.155046339760359,0.0934442812441392,0.0549076873678779,0.0315432094498772,0.0151552265009975,0.0200630390929946,0.00175499049048497,0.0100947088654075,0.00522114728431938,0.00031365584967894
"316",0.393121436431309,0.234492096214927,0.156237188742438,0.0881842497761219,0.0522828621126448,0.0299249627227766,0.0114630546968881,0.0151713904793338,0.00113394137523904,0.00506570846645856,0.00735218506407982,0.00557092391778278
"317",0.385879483970323,0.223157633131194,0.149137696897877,0.0901161842047217,0.0558697425811119,0.0335985124885153,0.0186223231584264,0.0193200207787684,0.0037047938221551,0.00980229680613873,0.0107913121607679,0
"318",0.394109089175988,0.235591039164949,0.157186074784587,0.0866191163659615,0.0500981987071681,0.0329898685450765,0.0140107240909849,0.0143436880765219,0.00181735445762425,0.0110473314222838,0.00213681163363739,5.07035752180529e-05
"319",0.396157647261301,0.240345703862909,0.159467033122973,0.0868176786343301,0.0448497144361885,0.0302215370975532,0.0134117851184454,0.0144813535180121,0.00178959446195154,0.00830746346865503,0.00252220974861476,0.00162827926906714
"320",0.400002625567312,0.243398309817049,0.161395471727991,0.082472779614759,0.0456551809951355,0.0309713910440493,0.0111605080511078,0.0123640298800971,0.00270633552098172,0.0027955796574698,0,0.00707778812404792
"321",0.403244552282515,0.250925954002691,0.15974146064219,0.0758089677904238,0.0468448982740501,0.0335011883976951,0.0108806352645564,0.0104437181208995,0.00129297343326137,0.00297499999895237,0,0.0043406517927657
"322",0.393764836203589,0.244685950792455,0.151851447377309,0.075751874561003,0.05105177130548,0.0307866396707993,0.0100043784479268,0.0131058872562634,0.0047319879802939,0.0100044934234837,0.0101276434885816,0.00413308949281533
"323",0.400757081169832,0.243630705942057,0.148395625854122,0.0815186824551655,0.0483273978073968,0.0266880773963231,0.0132701160560558,0.0125880125484844,0.00514068102224142,0.0112368161061581,0.00844680364216409,0
"324",0.400910803349038,0.237144284054514,0.148400682985622,0.0878882798179593,0.0511435385580163,0.0257836603375141,0.0166765965947596,0.0197833757174273,0.00589814764571651,0.00120504125813755,0.00334812752119582,0.00181746216009997
"325",0.395784155348162,0.233019451309622,0.14850137698178,0.0911711168865678,0.0500751086324913,0.0308572790024494,0.0252556016273062,0.0142081881171112,0.00673450236356106,0,0.00439321973094864,0
"326",0.389760093121839,0.239437914811527,0.153347708509341,0.0980102477316466,0.0424100152419524,0.0285708364563759,0.023041818886817,0.0134951084743619,0.00502347053424041,0.00690278623189765,0,0
"327",0.39473283479536,0.239376755420264,0.152888477931407,0.101296960842316,0.0424553457856647,0.0299130474919833,0.0195790929870186,0.0136625208397347,0.00609496390625213,0,0,0
"328",0.393970861281843,0.231218516505686,0.153352227828304,0.100660138401521,0.0445856910508267,0.0353427282500785,0.0177250413282049,0.0132820867134031,0.00686014622567805,0.00194582492496383,0.000404562939058075,0.000652174550431758
"329",0.392069707428972,0.229557866256247,0.150845627088852,0.102308880554319,0.0499435676196329,0.0401242038353836,0.0158815319198754,0.0145932837296664,0.00467533156705119,0,0,0
"330",0.3878663242816,0.238443809999663,0.158134110272522,0.100015382727557,0.0493651699157448,0.0366857548301929,0.0120787542145457,0.0110989008230118,0.000772604756624284,0.000826903286290351,0,0.00471228489224828
"331",0.38251763899283,0.240507822592985,0.164459656975165,0.0994465561783883,0.0463747015791781,0.0322462379614385,0.00825518890468767,0.00904595559465209,0.00060087008738658,0.00233574874057095,0.00514827317609961,0.00906134921661838
"332",0.379918811803046,0.238901593755982,0.166946227275424,0.0980623620519687,0.0447937963888821,0.0273556397687889,0.00548429951632954,0.0107990629011882,6.02800767308201e-06,0.00488592262072361,0.00921728007051381,0.0136289758394788
"333",0.378030578393625,0.228488863381303,0.153215003829962,0.10249917367934,0.0449672294931998,0.0316650306981437,0.0168348888188451,0.0116668529294915,0.00363307625906692,0.00367095563650288,0.016970138510514,0.00835820837000682
"334",0.373315557688175,0.228005313251893,0.147668692854526,0.104254217913354,0.0448179206333927,0.0302401879059843,0.0277463129859719,0.0165803257508233,0.00538232602912238,0.00623159031581422,0.0111762611801742,0.00458129349076816
"335",0.360303933823332,0.22093918758811,0.145849259156145,0.108009539377853,0.0482892888776807,0.0344795869021369,0.0301352959694657,0.0197185666650591,0.00536891405497784,0.00788924127405927,0.0135488241934931,0.00546836211768657
"336",0.376141789791673,0.229840534558386,0.153196104621232,0.103759540913021,0.0528585986129376,0.0337193865758111,0.022514997174406,0.0178405398202249,0.00126083694228686,0.00237208777924214,0.00649558321078014,0
"337",0.382661800471694,0.234128444651198,0.146947767818947,0.098122623200947,0.0551892447934063,0.0303318745369291,0.0196212162306518,0.0185901844158262,0.00210058123858334,0.00168844472780163,0.0106178179140158,0
"338",0.388472615565396,0.236789919531693,0.144219406016693,0.0962861441915012,0.0444702245486784,0.0359378007002618,0.025403817848752,0.0151711521100719,0.00260809817493387,0.0026354447299291,0.00748188746296748,0.000523489119122755
"339",0.379648377652469,0.234473131660399,0.144634248162692,0.0971364517277898,0.0443566638918443,0.034740293086957,0.0271992034821934,0.0174307076940621,0.00596423970235776,0.00608948659748852,0.00832719634174727,0
"340",0.375864116017308,0.233295003892663,0.142313177923062,0.0973111485204135,0.0438669126343318,0.0338438862836524,0.0316251188328599,0.0177632619641858,0.00687288396763098,0.00908013174015626,0.00816435822373695,0
"341",0.377907819478352,0.236668631123574,0.148671201644088,0.0979429155448633,0.0439644597117163,0.0344171800087576,0.0298688589327247,0.0137841258465196,0.00553574210353428,0.00833474949763927,0.00290431610823071,0
"342",0.372407219582394,0.230774001091731,0.149532019843684,0.102767383236473,0.0537611988094515,0.0344165655473628,0.0252905651834547,0.0183348230947217,0.00204493865178932,0.0106712849589381,0,0
"343",0.380076695773153,0.232893271516652,0.15176934330811,0.0965650028512788,0.0497258337849222,0.0377906975338983,0.0214366064571081,0.0157154674617029,0.00482260956172771,0.00851653337623961,0,0.000687938375206942
"344",0.380247363434595,0.233992827682645,0.1489576661685,0.0956590674499096,0.0470448168047377,0.0361259786848215,0.0254588691913434,0.0173316587861981,0.00560120972974949,0.00958054206750059,0,0
"345",0.374458240053985,0.235588858885862,0.142222200990553,0.094825067499311,0.0486188957697568,0.0401104042125099,0.0246782317052212,0.0210929634737694,0.00792139018591072,0.00279659405666567,0.00143876913078915,0.00624838403566634
"346",0.369883550561923,0.233594948002359,0.14433904185209,0.0953423097819279,0.0526155961352039,0.0461254977611624,0.0205480304644679,0.0209070456759108,0.00885651047597052,0.00364290041910222,0.00295496840828726,0.0011896004615949
"347",0.368670628265726,0.231882123106829,0.146289391365679,0.100245330785843,0.050826406879956,0.0418323056983541,0.0247180690183759,0.0213953088361061,0.00744613171858633,0.0056510072993779,0,0.00104329702516543
"348",0.382875152503911,0.236870548323234,0.148092996452058,0.105584527748155,0.0440509524046795,0.0380457909813898,0.0226532942590491,0.0191729290165228,0.00117587039036207,0.0014779379206394,0,0
"349",0.381829372624924,0.2332588692151,0.149092580771819,0.101225049233428,0.0447919036898391,0.0390905772634889,0.0264886889415241,0.0191639556667281,0.0041403618028999,0,0.000302016035366005,0.000616624754883595
"350",0.384517432731724,0.231464292371858,0.146694928571076,0.0966454728243663,0.0473590414878379,0.0412096060991742,0.0261309926804795,0.0170563282842221,0.00542664656176418,0.0016816926551138,0,0.00181356573238402
"351",0.379988350263748,0.222681480621519,0.149869802117278,0.0969441615433605,0.0524501720231809,0.0423513286074873,0.0230001374654121,0.0173640072279217,0.00820092959347264,0.00257020675417088,0.000825601334937656,0.00375382244751081
"352",0.389323770871988,0.226874603395525,0.156330279869055,0.0969206963561225,0.0554105064105444,0.042542722712537,0.0158492764367019,0.0152513448976705,0.00149679904985603,0,0,0
"353",0.386959326804828,0.224408964390012,0.149557390865245,0.101230971902659,0.0585698974348821,0.0395700226791837,0.0121933311906236,0.016135904683961,0.00352303228766053,0.000978714608120055,0.00687244315282482,0
"354",0.392131624065436,0.226623225798021,0.148552202696546,0.10080344522362,0.0555680734323982,0.0393540151590768,0.014824028357766,0.0146926633484876,0,0,0.00745072191864848,0
"355",0.395231034615575,0.222849546282348,0.146539065531363,0.100848248385573,0.0603420283771851,0.0381809777322454,0.0117115062006983,0.0183592506801109,0,7.55057226685948e-05,0.00586283647223213,0
"356",0.387947099923151,0.221333043293403,0.146777326986275,0.10304146207571,0.0609893992807169,0.0412185976454766,0.0133661060920558,0.0170559867601508,0,0.00126812103673589,0.00700285690632662,0
"357",0.3765903613075,0.222235304445965,0.14703111735935,0.105352774922837,0.0631874305522124,0.0387176216237326,0.0228272874785077,0.0229803823755426,0,0.00107771993435211,0,0
"358",0.379150544749917,0.232261658456495,0.14689898526151,0.10330994889275,0.0613071908225275,0.0363739186508394,0.0169782217321602,0.01816447856071,0,0.00242700423548766,0.00312804863760334,0
"359",0.379303781923046,0.23022201884113,0.145421564922369,0.106288409325692,0.0598345752782656,0.0357664648980124,0.0166873121328874,0.0160155618770977,0.000909794891969476,0.0035339488956842,0.00478146186329519,0.00123510515055049
"360",0.38019787052531,0.232741535116884,0.151157522677133,0.101167535947296,0.055848537661484,0.0384998866619682,0.017619833578574,0.0114585461693768,0,0,0.00416772910279568,0.00714100255917913
"361",0.382974426535033,0.235830850700656,0.150550250839423,0.104157732991668,0.0593047020356374,0.0307566587727648,0.0164886862837686,0.0147974546133888,0,0,0,0.00513923722766089
"362",0.380944748919892,0.239769307834473,0.154808022091546,0.101169740118606,0.0533638295616183,0.0323621209058118,0.014447720878126,0.0127122739577798,0,0.00332771216415224,0.000876503652603647,0.00621801991539047
"363",0.376696924472699,0.236124308418486,0.156614384838484,0.0982710524235836,0.0482021840108899,0.0373767077209972,0.0170042728033106,0.0109845176568062,0,0.00615611116259453,0.0014368212872159,0.0111327152049321
"364",0.37443223691416,0.236951898428292,0.158981595203526,0.0950336906379574,0.0459947199192322,0.0434085075336587,0.0177810548720831,0.010187519932643,0,0.00385691384614014,0.00160387751544386,0.0117679851968637
"365",0.372946836269246,0.235240375218342,0.153860290608164,0.0926510324775667,0.0433009722920182,0.0483743664241945,0.0215801143353309,0.0166437742441335,0,0.00882109293084909,0,0.00658114520015587
"366",0.363780904591518,0.229163509209461,0.15114487767093,0.0915909527058247,0.0468874580963519,0.0461153630876068,0.0193460215144564,0.0222806929248442,0.0117805633752139,0.0109924712905428,0,0.00691718553324934
"367",0.370607831790792,0.233192023728965,0.155862601558351,0.0930276534736221,0.0504710601491043,0.0495919747760171,0.014604678461852,0.021923501981479,0.00321657714576004,0.00750209693405732,0,0
"368",0.378416260423937,0.234270651510521,0.148746475185682,0.0861983415932915,0.0550773857660833,0.0464674146263748,0.0157190559445448,0.0236229394058943,0.00572599637056504,0.00575547917310584,0,0
"369",0.378168024141558,0.230156908757625,0.149848714273031,0.0922048741139911,0.0553092007841229,0.0452093899856747,0.016193863274189,0.0260587983910709,0.00290445166240931,0.00231746198464199,0.00162831263168619,0
"370",0.387650907195465,0.23007307568755,0.151472076842476,0.0967915267615552,0.0548399099228052,0.0398015531789422,0.0157802565909491,0.0234812114009089,0,0,0.000109482419348547,0
"371",0.38197315379871,0.230683995044124,0.151916666069236,0.0948675444281064,0.053675705931731,0.0412629891075868,0.0176951227035908,0.0222133388660653,0,0,0,0.0057114840508503
"372",0.374727033486775,0.231101204029236,0.151113305621023,0.102050490587015,0.0464211883807261,0.0415534574654879,0.0195699942007345,0.0186737383369852,0.00691529623775006,0.00227879057884606,0.000438772488971617,0.00515672858644912
"373",0.388560853736254,0.232377674215842,0.15246512360619,0.097839065481008,0.0474918950062506,0.0409818985447228,0.0154773475590581,0.0153386792724087,0.00461673446247955,0,0,0.0048507281157867
"374",0.375043552786613,0.225070441965509,0.152583721756352,0.0965498164249119,0.0491340713356299,0.0430697122823117,0.0212603289455777,0.0202990541258619,0.0120069730257113,0.000205315930175076,0,0.00477701142134658
"375",0.377228349104965,0.227382258978592,0.15156421151188,0.0979993095943995,0.0507201457223845,0.0442835916118315,0.0228753329624137,0.0220694594643011,0.00188685071336643,0.00299129466377281,0.000999195672093974,0
"376",0.378786229322857,0.233216828433151,0.150626527152617,0.0987708413898228,0.0564435731624034,0.0390393164849933,0.0220790002832193,0.019373606983144,0,0.000821892675474796,0.000842184112316975,0
"377",0.390239864242341,0.234407489413278,0.151409839124345,0.0981409486338375,0.0548488078053505,0.0325103318200127,0.0170809313730966,0.0190138041794328,0,0.00099793098096071,0.00135005242734592,0
"378",0.370932753362211,0.226384892505186,0.145812802049024,0.0981427126017352,0.0582540434973253,0.031853501808104,0.0171231233129729,0.0254616803804523,0.00826439467544867,0.00518572374672211,0.00847691904533967,0.00410745301547879
"379",0.377353859113633,0.233987651296563,0.146834072132178,0.105058120179497,0.0610523431017153,0.0289292517149873,0.0165785451442295,0.0172862555729983,0.00377276143719797,0.00509296047037961,0.00405417983662021,0
"380",0.378116019182336,0.231328251392384,0.145836918578012,0.107869887625756,0.0552311514561381,0.0307156836103716,0.0160631810472498,0.0160567086706552,0.00408230054761295,0.00658485565160479,0.0081150422378805,0
"381",0.384408087122455,0.232342340954057,0.141566816047748,0.106831527050031,0.0552510528149126,0.0319785763842843,0.0163365652791665,0.014632441990547,0.000525115635483169,0.00608423261286587,0.0100432441084498,0
"382",0.382260009533626,0.235722940704334,0.153755341006568,0.104222864406668,0.0506011257258951,0.0347586833520056,0.0180703545153923,0.0128138139886943,0,0.000442073971664649,0.00114384440662811,0.00620894838852465
"383",0.379532291139468,0.239952550128181,0.152716641784902,0.1009089127805,0.0573430187163967,0.0309969292331348,0.0183890211707323,0.0166283142991985,0,0,0,0.00353232074748738
"384",0.376634411633872,0.240127129434112,0.150894113856716,0.103951889399528,0.0573527489386346,0.0284146322026544,0.019285303077384,0.0160457326229769,0,0.000164070799673908,0,0.00712996803444806
"385",0.379982140613883,0.236310583522472,0.154242209728879,0.100734339203064,0.0501390959964044,0.0346329087922899,0.0190506696558339,0.0198709056535055,0,0,0,0.00503714683366947
"386",0.389272386860236,0.235207705825506,0.154758335261191,0.105630685971666,0.0478438382656238,0.0297928900949299,0.0168366337581663,0.0162051130467446,0,0,0,0.00445241091593647
"387",0.385267274235326,0.231706460531036,0.14946317699259,0.105936696918585,0.0431812079701342,0.0280390588939303,0.0224076654390742,0.0152875898918267,0,0.0032271192297112,0.00885447413931909,0.00662927575846657
"388",0.392190501920671,0.227030996986313,0.154919078020234,0.103695185705317,0.0432115076551814,0.0281231212938228,0.0211812097057445,0.015460962370838,0.00286121750037254,0,0.00694182345023613,0.00438439539126915
"389",0.39055438963001,0.236915270219633,0.153894784055335,0.0964686541858325,0.0421359940401076,0.0295488083309696,0.0197484254309868,0.0178658694039503,0,0,0.00646199020001411,0.00640581450316101
"390",0.381850462820049,0.228600511634428,0.148535225169785,0.0922962916324097,0.0473034655894319,0.0335567134982839,0.0206268766478399,0.0238931494944465,0.00577745924370582,0.00673907291568916,0.00570935683433653,0.00511141451959399
"391",0.389949594222576,0.234786739861859,0.15294929968633,0.0962697252475574,0.048692226210097,0.0313304218725061,0.0152974782233811,0.0170846722266508,0.00683433180578297,0.00277679912864639,0.00402871151461341,0
"392",0.37748875808163,0.2357827304398,0.154463783686476,0.0990345973159504,0.0433330956043163,0.0328663533139087,0.0196699518573575,0.0150383741135496,0.00784507090504809,0.0129762530153223,0.00150103166664145,0
"393",0.376789126911763,0.230819089548577,0.149834323243954,0.101110117542066,0.0547312266673748,0.0347026859900313,0.0205223924545414,0.0183761810168988,0.00115405773205789,0.0114805024811857,0.000480296411550885,0
"394",0.372425821405816,0.235528465866128,0.151952521120137,0.106745571599892,0.0514841399458316,0.0305316028475227,0.0183062619334542,0.0223791018557866,1.69326527739838e-05,0.0059368387416792,0,0.00469274203097915
"395",0.377286935776105,0.232894377576382,0.149994683087005,0.103494757460267,0.0534246042808118,0.0355912312772376,0.0133079497950902,0.0307813666182739,0,0.00136640784172908,0,0.0018576862870978
"396",0.371828654715141,0.230624728206039,0.14856566153835,0.0930733805577303,0.05609102247785,0.0376265196087857,0.0211796840204483,0.0322148711774737,0.000694984674575239,0.00183684129016556,0.00376595788153092,0.00249769385190993
"397",0.369079172680997,0.221054675374689,0.149472910551503,0.092093271111538,0.0546644314321942,0.0447869381015754,0.024060278969661,0.0281416913939738,0,0.0115864274402472,0,0.00506020294362163
"398",0.371981737093932,0.235413554571298,0.155231467865133,0.0911297277597512,0.0524281810830078,0.0381381200971049,0.0213955756960183,0.0232056214510733,0,0.00973149442368203,0,0.00134451995899968
"399",0.38057994681196,0.237097829824245,0.154693518558517,0.0942224295927532,0.051640936325808,0.0340896645448952,0.021137684338783,0.0197023788718148,0.00167363867913002,0.00516197245209381,0,0
"400",0.381014593056744,0.226539470023459,0.154172869439635,0.0894321562470055,0.0526227783898356,0.0386365104961705,0.0206976360939017,0.0165985813222847,0.00286925803267343,0.0173688633368125,0,4.7283561478092e-05
